205
2515 10
90178 28199 97474 21342 50821 62625 69729 72239 54834 78082
5897 11
42466 57497 49761 73997 8182 79355 76659 46241 68134 92526 5335
6924 19
74130 79444 99091 71058 74778 79063 321 11872 914 72342 72444 21608 52515 85194 17326 28224 26289 35243 437
3611 10
95481 78587 9773 49231 72461 2535 77740 41807 23644 92472
6378 12
49726 36286 77298 42644 63749 85709 2759 25257 73365 11653 97554 50575
5571 15
39285 82035 12456 65865 13218 26993 51775 2066 33466 89448 32815 30386 65286 73654 27812
6259 12
19431 13447 90686 13230 16373 26717 47370 39719 51384 39163 17133 79619
3703 10
11088 75824 92794 18872 51205 43691 29608 57291 97513 7007
2300 19
51646 14144 60184 24864 9268 86128 63564 42939 59458 37685 95166 99589 67247 50950 21445 51352 77945 81770 49703
194 16
64388 43425 70160 28497 89950 86222 25795 9573 12702 30774 66598 49854 74088 82197 34945 87105
2665 10
33316 72563 20706 1738 81181 33201 89251 42687 21658 10740
3806 18
68172 65627 52596 32858 14766 29976 92553 35745 34010 81060 70004 38255 28838 39308 72224 55453 67617 8349
8130 12
27833 22591 84570 34477 1635 9518 36435 85938 25187 57087 83051 57100
8664 17
15278 96621 33365 58344 35621 67572 31836 22025 35927 94160 69380 5599 83974 77253 19288 19053 41099
427 11
77837 40282 98000 99282 97772 77656 44066 50193 92463 43303 75089
5609 15
31953 45178 17540 14111 62312 58467 10235 76186 85940 53802 94802 84210 79839 82757 75698
1248 15
66769 28717 48026 87346 58118 20148 77456 2775 56133 34379 83639 28240 84695 18824 6621
4569 18
86804 63879 9849 74340 87551 41896 8057 12922 43884 57623 5764 63267 89478 38618 79233 14544 26844 3241
9770 10
47114 83635 37193 12640 40027 83895 60469 97430 34882 84219
3340 18
1489 7453 23964 31484 96673 54815 8177 46621 45755 89643 76201 66710 64382 37866 33191 77225 34884 82696
835 10
91543 17674 41540 37860 47344 80918 52667 50444 48122 1114
4155 13
32277 15850 67748 46236 64845 60171 50386 12928 98763 89462 18176 52239 52771
5372 11
3547 46297 70266 17682 44185 12923 26307 66662 76521 34624 87806
1662 10
45761 66289 85183 70970 10415 90835 76704 81383 27462 4716
9568 11
55813 66241 19525 5182 47208 81165 69919 63157 56705 57832 69421
3563 15
85641 81911 49711 81304 27597 35721 73155 35174 5529 87316 62942 19687 44409 17780 6613
7085 20
49080 69555 63846 32294 18898 18032 11216 74389 1085 92421 59008 58960 177 45590 29796 69414 90552 22645 28941 65478
6966 13
15390 31074 7993 39549 60597 94353 910 38473 16670 19073 60828 90600 5047
1932 18
85131 13256 11615 77693 95587 84802 9581 78380 96632 58061 44396 43717 44091 78764 29905 70323 49830 37908
2410 16
95614 24591 10856 61567 3789 36805 83751 24775 86237 93585 99672 19526 6815 96208 36150 68043
4741 14
68621 77687 79541 79975 60103 7262 30807 29095 11211 46894 88558 56904 14982 40058
8458 16
58213 69714 3671 50987 40230 6500 83826 801 99194 45958 50279 42009 9272 10182 84997 67497
5199 16
24051 50438 48212 8094 74423 13176 23015 51606 86582 72226 92755 72348 89258 23097 16873 71326
3500 16
7802 53480 89139 81408 17191 73380 7867 28341 70445 37427 32499 10263 26149 84217 82456 58681
3553 10
64438 34662 10148 5665 56077 85269 17902 50288 77845 18201
3982 13
16914 1419 4882 43632 64798 88583 97324 71618 71994 52982 38113 60668 48021
4102 16
6335 55522 98481 1090 30342 19882 40383 61888 37201 34801 38109 96156 6848 54893 50612 39896
4476 14
77257 98947 53022 16994 85135 12831 85283 51522 48994 9625 60045 51415 45731 9029
7329 16
10995 12897 36041 40915 7340 65062 52917 4662 49621 33372 54767 77390 67948 6974 44482 22373
7650 11
3584 2927 77217 27528 24415 98014 93619 59307 62493 9657 98815
6702 19
89309 25794 18442 41999 63639 45821 22817 81785 19296 50753 36390 25065 93166 46273 75983 8808 32460 65657 76843
1617 15
47934 93865 2333 19774 91056 29324 90550 28758 3912 29606 91605 77589 26184 70432 59984
9644 11
16013 90527 22785 12269 5130 13655 73503 45307 50605 44636 91663
736 16
39795 89382 34902 52536 34748 35901 41885 80486 7876 76582 46878 15321 76784 13549 77280 10445
7544 20
30934 88862 95545 28023 20078 23574 54771 91815 31305 44018 26082 67706 13399 38212 13364 74945 91142 50145 48181 19966
2067 13
21784 16774 87948 604 99814 51058 57604 52006 40456 24406 26835 12442 4824
1596 15
43430 15116 75356 5745 25014 19531 76098 60540 99733 79620 29111 66979 2125 11141 30880
2452 12
71564 56134 90870 24315 65541 23093 27603 504 69153 61212 44147 4839
902 18
14359 27653 60991 36129 28491 34226 90777 47270 82594 4292 45571 38084 26361 4479 61879 51080 19534 71507
6608 12
80953 98603 9777 67023 2017 59424 83533 92625 65440 6829 18616 56386
37 15
48474 47505 84584 56840 72497 87774 5214 45921 51214 27304 23993 75287 49544 35308 72136
8340 15
54101 60590 48565 46265 84750 7356 92368 63304 54976 6123 27191 80841 7616 36280 54542
6138 10
23434 4393 84278 33433 10079 41058 20091 45167 50468 16377
4005 18
28436 17846 17722 65563 1828 86819 71579 50223 21799 10721 48175 70546 53431 26570 5108 76007 54756 1005
6117 18
71184 6550 19770 29713 91945 17496 80831 58096 64553 97586 75552 77990 68220 67332 55019 97541 54120 45777
3156 17
17659 20300 68184 70022 41816 5883 48445 18056 43827 44433 94725 82727 50115 69169 60921 41314 93278
9541 17
24943 31498 62521 20071 89911 15328 97919 35970 63092 30007 70218 37935 34123 18488 24393 82306 70854
6683 19
53939 48767 93888 83197 88756 61531 54273 92097 98182 77971 30537 65452 40642 34842 31128 20575 71803 15737 10427
6395 19
90832 73239 38695 70094 56349 34245 15072 66375 92935 20534 57726 61064 45325 43850 3880 7006 68752 32534 96993
6386 10
9874 22813 49757 67054 11094 19711 2109 17594 71764 59511
8613 20
63359 36244 89288 51849 69355 34023 1713 9037 54571 1234 84969 28574 46159 128 90998 34227 93189 50683 40149 91488
4670 13
80322 13732 53078 40521 70073 4418 45310 2160 63725 95085 98707 12333 97015
288 20
9407 66503 33467 63383 94165 39073 33004 82004 83755 28482 70284 13018 4272 17089 96060 18381 34940 78640 16156 49386
5357 16
86499 2897 28226 14299 49688 86311 88026 61616 69433 23666 41159 30926 61566 41964 15395 29070
5732 13
4140 31608 98788 82055 62027 60063 49875 62737 66115 69374 40102 97533 43440
987 10
19790 24118 43675 27073 17629 49405 55544 42556 18167 77818
4971 11
90302 95648 11476 34266 82481 31069 14417 69032 32612 83372 30547
8461 10
87685 64998 97469 80504 98380 74822 27088 4463 10078 59767
4219 16
31333 51658 77972 83410 71670 26627 76278 76473 88803 69688 43569 47498 99694 34828 52655 54370
5828 19
8329 86146 96799 19665 99593 26011 93889 92313 74067 71257 81474 3214 82543 32761 38708 83035 31959 6750 26996
1861 11
83577 56532 58489 82072 62512 99241 4304 41096 88773 16674 36478
9667 15
40011 43833 70655 20501 94791 36504 59887 56222 16180 50609 90180 66302 13401 54762 66630
8975 15
2706 82501 35642 84051 63980 76905 39516 73332 76019 43384 92961 51053 69346 76395 88997
7505 12
37790 26447 57552 68357 52704 30327 67902 14061 35073 11782 41195 56146
9255 14
17705 40739 69499 1875 12490 87929 82545 29485 54473 80757 33025 19731 14871 10121
3528 15
10534 72262 3322 17460 50936 52749 39651 45393 14597 4182 98927 42171 34834 97187 55129
2444 15
2126 33590 55542 95984 22128 92861 88229 71308 52392 18285 14414 86878 22071 65185 1754
11 18
27005 36879 97198 70210 38257 51837 87231 8607 4869 29132 73881 46556 74826 82602 58221 77382 83794 67649
3811 15
80348 73313 53166 52243 75701 39933 46916 76801 17988 91785 41758 40837 15407 61753 36151
2574 14
40857 34959 51833 57463 7911 45120 80629 81954 6313 607 28642 66776 45289 45217
3626 18
83171 36207 64512 18769 43673 48568 60051 44095 97070 71046 93048 88247 12872 93140 71871 51156 35013 47103
2721 10
6677 58561 51831 20963 34744 85313 91923 76938 7218 62891
571 12
86139 89592 78054 20225 19435 57458 48390 10556 96106 34855 16583 79996
6284 17
32286 59749 59382 98961 50351 82556 98337 62444 25517 29167 13003 14095 37638 72451 25619 37200 9307
3930 16
31848 52604 23734 1265 29182 6208 50402 77908 48897 5303 7767 50483 17487 67629 41465 9196
7152 15
42587 84053 98654 69006 37240 86664 18046 6988 55993 83384 96023 51168 78307 62187 88672
7383 17
83162 65814 48557 66948 3333 78182 31565 45929 5758 98022 94248 3887 56129 71923 89343 90548 81694
8872 10
94929 1970 98611 10304 81690 90487 42559 84739 10717 86629
6221 12
48859 99725 35896 45433 51262 24708 69793 32015 14763 12962 19121 3988
8501 14
46232 54749 61790 4488 62816 61523 87572 83555 53562 18023 762 6573 22621 82276
6605 10
53396 28095 82721 26103 42447 35757 36971 29446 75986 50051
1913 13
43742 5927 96691 75999 11650 71659 70765 74212 61900 632 88061 12782 21491
7900 14
19580 9484 1548 45436 86698 14669 93517 45093 65968 14390 16426 80151 4690 96564
7968 16
32680 12558 21584 87496 61682 61174 894 96640 46077 52812 21135 34577 69613 98496 35291 94614
995 10
61478 95611 73844 40241 91045 89254 40938 26812 71309 20318
9367 15
55924 90301 23025 82428 36361 69960 49525 32324 10106 31744 65640 19891 94991 49908 43507
3549 13
46129 45234 96664 31301 71562 26435 50937 95784 39897 32528 51787 6234 55955
259 13
37857 53593 39331 42683 38223 55838 92725 30951 20666 55766 27854 71112 71756
1292 16
25891 56562 84263 29470 62702 54394 5504 87445 33342 54836 87426 96964 22361 23058 54443 23069
8825 13
27791 92814 66479 73895 84593 15503 58515 92020 94466 42303 46402 18258 59515
2714 15
88095 88007 18199 60652 16027 243 52974 77069 30171 26672 61915 1865 20559 38324 4870
216 13
95590 85168 92076 58363 48285 38366 28653 22294 18965 60218 35565 76787 9072
4851 18
97055 7980 46485 32541 47481 94855 60465 2687 62427 61635 57863 81467 68283 9063 50091 9409 38692 22146
258 16
16986 47858 40827 58437 84162 67745 60625 90963 85114 81465 58415 92873 69862 33800 34119 87007
8260 13
43255 92119 63560 3518 75316 81941 87805 8391 83122 2337 47005 59725 35133
4276 12
62842 12372 61287 78766 32976 69872 49242 38894 4031 48282 7464 5834
2103 17
52305 32613 52840 37862 29044 14424 98670 61578 10579 6743 11028 82672 19124 94707 25083 82318 52599
939 15
8498 7442 44613 23188 10451 19943 76624 67457 33695 35371 9445 24885 96802 89910 59061
4471 19
14589 36480 6027 71863 68470 45549 25398 65168 23419 83872 22581 21229 81903 55987 84018 56088 25530 8422 17026
7680 10
14752 27058 26779 20000 35306 17944 94503 86250 6404 15686
6103 13
61665 53535 11737 49930 61514 20775 25632 47221 45983 64879 65427 31825 52391
1100 14
72586 92208 28731 71565 36353 67422 30448 97044 1529 64213 36572 37118 46919 66223
6786 17
71646 59518 34032 28678 10538 85785 90329 91348 20395 63003 83258 41473 20479 73016 88435 99564 98351
4282 14
64616 27680 48647 25863 64745 7753 2826 24119 84431 44260 73848 70708 28368 92529
9169 13
31518 78627 56712 94834 26658 84264 11520 11370 94001 73787 57665 20169 25298
9606 17
5856 49571 36481 99008 37756 50628 38996 4191 3882 54357 66446 70057 71083 94126 48090 85934 66240
9425 10
34703 52493 326 17849 65094 53662 20210 30226 72756 96922
848 20
26788 681 94950 1508 88991 19413 76562 4371 26029 80884 95698 69839 74184 71790 7640 10699 66596 28295 96781 87597
6312 17
14634 90450 45646 73201 85982 71171 37799 68087 1036 66745 33896 77223 86980 92406 31804 63342 20224
8242 19
59467 23230 50985 25354 73454 95909 60884 42026 45102 28289 13378 911 46784 88625 48208 45752 58195 28930 75472
1394 19
77041 1096 39712 81438 24054 94512 7515 63950 15102 54932 15018 15424 88850 2359 5295 31292 62801 66090 11683
8686 11
12552 10966 90514 40035 82247 95022 64500 21046 65557 66587 17439
195 16
60511 36881 40808 17296 78174 78761 78693 14697 43280 27035 12114 53204 73457 20739 69838 78402
6493 10
80393 24233 92547 75107 95151 82563 88148 17080 18975 56683
9885 11
7901 83013 1382 36366 40691 36720 65803 47178 33649 8359 1956
4864 15
97966 7390 39785 90877 9311 42500 11336 13802 99841 44169 968 57853 62119 57467 53083
3963 13
85557 77271 40175 86171 38634 5135 8815 2032 46136 40951 9198 14372 44899
84 13
37438 37440 90543 18348 71298 90880 18411 41018 90842 58794 33692 45810 82077
8772 10
52474 87032 27890 84201 37162 75705 14848 21002 88765 19254
7504 17
84792 47639 75938 47734 61716 74528 50771 94469 27405 56895 43915 51630 18013 70531 55855 25162 12325
4951 20
47056 28703 60464 96872 94786 83976 81802 58531 99435 17051 17168 4648 9077 60946 68640 97325 80866 84586 54317 79988
7634 18
43729 19427 87371 68475 6752 79671 97306 79794 29078 30971 73185 14300 98006 62194 59905 84565 2837 7308
5427 14
70834 96387 60495 92912 48764 25335 33340 75811 95337 28677 37203 16191 13678 78939
2923 14
51640 19756 20732 9779 64384 9340 87323 89943 3340 87908 54171 84721 17764 78873
4120 13
78612 72808 62858 86430 60213 20945 14110 59743 5588 3574 72843 98186 41767
7781 15
81433 99543 29592 63499 19352 3999 34482 62824 87210 37369 26746 29468 49328 23349 54654
1891 14
440 50857 61573 57808 15420 94152 88758 483 56835 11862 44635 51531 80708 16901
1227 16
54419 89339 29523 39843 62505 50529 48165 69154 38981 83160 55552 51397 72782 54715 53538 61643
1599 19
49873 56688 58741 30274 54726 75713 24330 57591 90073 98789 91774 53349 87916 3455 67861 20088 68823 62123 9635
70 10
76432 71576 6291 83527 31812 64567 23731 9993 29436 26928
5966 16
13419 24337 71086 68638 32717 87237 19845 31161 54755 49097 83074 84774 37855 27856 52220 44632
8952 18
56958 93758 43254 2670 35415 15071 71023 4424 37968 71089 97024 3930 13821 99396 17669 5161 84255 48981
1385 17
83480 91903 73631 37684 11678 18674 23704 14454 24171 42484 69236 24817 73916 34368 59913 72422 11334
2983 16
73794 31792 63288 63461 41485 71482 62853 96094 28723 41909 39829 86792 34677 79861 81344 27751
8091 19
92323 94140 29604 10016 84022 75661 76986 81133 14605 31261 50282 58327 60637 54754 77734 3900 11838 88462 4580
1564 20
35287 72867 57713 81853 75205 41926 91579 32537 95567 4629 19947 17678 689 47212 14084 26533 23275 70173 14838 2726
550 16
16139 43343 91212 21937 14395 55800 36203 89609 22571 24326 19856 22856 82641 99624 89757 92481
2385 17
88792 32956 69049 93991 49303 89783 34520 93376 18518 80895 516 96413 59548 81722 40289 31141 64820
4874 18
89396 98302 73012 43487 87722 39467 55639 31795 48258 88018 25801 50172 75091 3213 8489 38081 4103 53547
300 11
96768 75228 87261 57478 10737 21640 14303 39557 13210 27369 94887
8208 14
4970 60293 53248 89192 87423 72214 18566 98909 47527 64399 42598 95535 5565 4513
2659 20
42331 84074 29085 76957 44006 2764 80049 37601 5766 87495 30567 47745 17881 69811 59093 21616 298 28294 64490 66139
8806 19
2698 72171 22017 37049 38700 4637 62452 75719 4935 58071 78327 29987 39730 40312 53684 16845 26433 68367 15056
3196 19
59739 17497 21474 41923 84731 26223 37232 7176 98233 40925 42418 82021 1195 36052 8165 39714 25747 46780 51129
8961 12
27966 87228 2134 73618 89123 40820 17378 17383 81782 1468 87921 96279
2867 10
44376 98640 59948 57575 27941 39822 22326 12572 56321 76808
9310 14
35673 37432 89509 20181 60723 72807 35236 41850 66690 33052 39229 81300 94944 45276
1251 12
82871 63501 24416 44236 42696 85019 6563 2547 75576 3094 87354 64518
2787 13
57208 88269 9806 39196 18277 48346 27314 30131 40733 41695 29539 42080 48839
7056 14
98579 21399 82737 13906 11513 31978 59871 34090 26790 44962 50333 87270 35195 34265
4687 12
89274 71282 13904 38049 1273 77007 32584 71218 4394 80037 92014 7955
1173 15
92218 20153 78596 38468 80006 76253 3757 61286 43022 16136 36425 98061 14082 20599 28558
2706 18
29882 88134 2254 15955 46048 91162 72264 91955 41166 82579 29390 81491 38276 21126 60020 50619 64201 64256
1916 10
87238 17740 36988 22030 38157 64083 51752 91707 67768 63665
7686 11
93910 48300 22079 30873 11214 88158 95753 45587 47658 71511 19251
5597 10
67835 43458 53485 85702 73291 30181 34387 956 2633 69423
1618 20
37148 59773 27330 59552 52505 30245 87687 2216 19733 36 81907 16210 41190 89628 39408 34808 30016 97250 43601 98289
9925 19
11544 98421 1368 32290 67971 18840 61658 39401 52043 76086 65805 11784 67164 91552 79183 68727 9491 59648 75380
7163 18
9711 17970 8917 98664 2411 13405 65140 72919 40867 31320 12417 43919 34078 57107 3746 84687 58398 22776
5034 19
65301 47622 63812 42853 5595 64301 98359 97492 47955 11293 66098 41607 84833 76102 90296 83574 40859 93842 50691
9613 16
67630 14945 20025 97823 32315 48896 81608 52099 58365 79775 92883 1287 32738 37744 71390 69480
7926 15
82307 10129 96734 10932 30372 8243 21307 98060 24277 23307 80345 91739 37555 72866 69405
1559 13
49428 57844 13735 48838 32310 44809 51878 90715 94008 83093 21448 91615 52328
8695 18
81040 68652 16115 88096 90469 49874 59758 56484 15204 65975 27877 79720 86649 94710 41061 45625 81554 66047
8158 17
84767 79729 16474 375 84919 43882 33416 10098 29364 88157 39962 63915 31708 33938 30349 46620 91055
3795 10
16388 63779 7354 3783 28233 560 93681 72062 80409 73797
5979 10
9291 37042 14056 97466 56081 51222 88631 99920 51827 25626
4729 16
90118 40651 17047 37146 90945 24110 43870 66390 72589 94723 40721 53929 79538 65117 78369 86530
7096 12
74848 51471 21657 14081 37822 59961 74167 70558 98137 11788 56709 7263
7912 12
54153 2244 92460 41777 2469 36479 47818 52435 63031 17235 98730 41508
5729 15
11857 25651 25445 83887 9679 61865 27848 67357 91025 88117 70942 78284 62526 30860 85566
5932 17
25922 26335 70037 25141 44894 48274 66324 45998 88256 59977 41630 48413 95098 72404 39362 44432 10901
9900 18
27869 92581 25784 71963 51525 87020 84631 41733 56629 25311 41059 41969 73966 90242 84632 61359 97765 56380
1306 16
49587 4434 11920 26765 62253 75924 75598 25357 10249 10073 1576 99346 99144 62833 61434 18406
9968 16
14120 3367 94569 21363 12361 3208 53414 73626 82102 96894 64034 70904 50967 90427 32977 35639
7337 11
85797 54175 16969 55200 25456 91868 20821 74817 60899 15734 75684
9660 15
60204 96034 66693 65608 58986 7274 82327 57691 65845 27318 48829 36904 33140 46280 99433
8078 14
25276 25977 54459 19781 36261 61528 33749 99031 39952 69429 88424 23266 2552 17644
5402 13
21836 798 29067 78014 557 7461 94331 13729 99038 19129 37406 29266 20874
1338 16
22179 21874 24025 16065 13053 27536 35282 31561 69566 17958 24901 35780 50503 10748 21401 78248
8193 10
41233 5237 55811 16017 66450 43582 1852 62098 25115 37120
7423 18
57216 71332 93393 52148 4552 77118 35212 67653 48104 29139 14758 99438 85889 27530 77942 85842 49296 61238
1906 18
28221 26068 94019 56452 39267 64520 14576 10481 41627 12547 57508 49715 75392 33200 12108 47343 4114 71320
9424 12
53325 11368 42708 12379 40904 48752 26155 1706 23816 57674 53574 11180
3965 12
5330 14839 91966 38261 51842 3106 87327 84885 21025 25041 78890 24647
7336 11
69828 17312 27754 53506 78569 45034 47954 94669 61303 86799 38360
7420 14
67796 85221 99750 461 7513 88951 10652 40323 98194 44672 51974 94842 92195 87665
4535 18
25667 58582 96236 60973 23752 17603 28322 69520 57008 77091 30949 7516 59703 66425 81877 4879 28816 36600
2914 15
51727 97016 43276 47529 1559 49106 15852 24207 69945 17569 20876 89081 16569 82437 82621
7720 13
64259 45939 29537 67382 33788 97743 21466 50214 69590 59323 61061 89606 63612
4013 15
88810 89548 13046 62118 99392 64033 18531 24182 17743 4236 55655 90911 91079 56774 82388
6805 19
63182 49444 87313 51279 12103 6252 85071 20240 7080 12320 96088 72651 8175 59020 83178 21120 83935 4740 5852
505 13
6284 67860 36162 53843 14468 65276 92748 16898 49724 31996 78255 65045 79260
1403 11
10231 42019 40767 74162 80403 58077 60650 94238 68456 55951 8000
5278 10
73553 16309 85523 6210 62624 11583 39314 76569 43681 73924
