35
701 135
90390 81779 25718 98064 97742 69755 15503 71863 77995 37530 68793 46390 51559 22901 70114 66347 36121 59538 74437 62667 11131 89936 75602 91172 79823 6667 26914 19438 64763 38162 50529 46059 6569 30148 28015 73866 99863 66893 16572 58618 38542 4403 52840 31344 67863 95045 99336 39541 96553 80322 59116 42516 94291 41286 60868 26862 83495 88808 72941 90185 37858 38754 80209 46241 51757 91821 1059 85752 46033 26329 81505 22256 42900 73473 79436 42151 60955 87085 53212 35995 99939 13047 5093 97554 81857 65401 41855 31435 25664 43092 74231 21837 55101 81263 38722 87355 3870 79616 54898 78277 86736 94025 20271 72500 38055 35991 33557 44530 47461 75784 36443 31562 72942 26597 51111 38372 23785 9905 43304 79487 66152 55467 59096 38417 18900 85964 77574 66172 57952 29419 32996 75018 45154 9411 17208
843 180
19314 20726 43798 8917 9305 84726 64524 36798 67494 92358 74800 13441 23240 20669 13990 55211 88215 26904 3842 19523 58251 61965 18210 83130 40798 95427 35393 25376 60356 86386 62035 36875 27103 27821 35896 33882 33262 72795 92839 20268 14226 61829 62016 76560 23243 5264 38573 72217 71516 12882 49698 38156 93631 5728 55332 34079 76905 56665 81409 59220 20201 30416 49471 14570 81682 34716 60247 62543 26881 70565 71544 56714 11585 20673 16519 10875 10566 2883 26811 42287 33538 6527 96656 16188 79618 15126 53222 79550 68915 63485 79325 21352 44995 58261 9785 74610 86377 42401 33509 55675 27250 34659 93783 28148 36938 11336 31218 15441 60143 89964 86552 36441 44658 54077 48700 42536 93142 78172 49096 9809 27582 25710 47414 60301 50222 21026 91777 40659 51963 96527 84629 90151 71037 23815 76543 81569 85145 18198 48441 64405 48398 23882 66472 36477 25226 99013 34568 56785 35187 96060 56366 48289 17973 37835 95281 96082 64947 94999 1151 27498 89977 15659 2233 57217 77196 80385 26334 82303 41846 42024 4396 93177 98906 63735 69759 99608 93045 2639 24076 42713
969 358
34658 57753 41404 72487 41909 22427 93233 44897 72728 30823 81259 6962 9957 11613 27725 90205 95799 25838 49307 30558 56950 27882 58329 56600 13385 10507 27824 92545 54558 3845 45320 3820 20036 48320 83955 60421 96203 67914 77481 45471 51065 9405 9484 75681 12078 40378 95020 4168 40692 86013 37560 20502 87034 2822 35526 30998 65210 48591 98334 62190 95116 93133 61694 26107 88640 51913 4293 85667 30570 40801 72625 76388 5338 77565 64202 73948 6670 34782 61720 47046 78776 96357 1731 57662 55076 26042 48618 13896 52019 22699 88834 25012 87401 91230 62783 71593 31244 14355 5241 93048 84538 27723 87762 77820 40151 31858 76764 87888 25701 93136 75582 72824 79047 55136 50128 61237 14648 87286 98008 82631 81413 23845 43391 16495 62164 46447 29735 66952 53944 45173 29328 26907 51943 62333 21402 77385 32130 48353 44716 39835 62299 71194 74611 6524 60132 81888 58791 41360 54860 2761 42527 38422 57302 57634 22469 9136 18910 67566 35428 67377 40273 95632 3849 64038 53932 39802 65773 56904 82782 50729 86135 45883 18853 69619 31707 13701 251 64233 26882 38866 66679 36511 19296 91359 73117 61882 87409 65927 14403 70194 85511 8192 92898 6978 17274 22038 20057 32501 77860 93687 99025 13483 74006 96183 95008 71243 14216 28225 59490 10863 72700 50289 64800 2135 56573 69672 28961 22816 86640 88685 5239 91066 22951 17125 21730 90148 68381 37153 7264 59570 87377 56576 35372 6147 53100 59156 74130 81791 79044 87827 70029 10611 79968 73901 70699 6845 7513 22436 39838 38668 95117 72024 53628 6379 20212 18569 61434 69127 31048 6950 38833 50013 14880 97316 20331 67945 67799 5376 76616 47245 70490 79861 28061 66710 52329 16392 22961 68039 16116 33985 57964 1514 49536 96886 44046 84345 33595 21714 62232 826 19727 55206 87636 37090 41251 13815 12600 52863 68656 15710 82693 26221 97063 70292 38054 82276 37420 75341 38258 22707 62247 33806 19746 81570 52726 53186 31469 83481 96738 45566 24415 17479 53500 37963 15796 8193 92808 42356 90942 41740 33499 78968 15434 64159 31991 48723 47367 93910 95535 98291 91558 42985 67926 71042 18906 78750 73967 3188 19855 11148 2721 25252 68619 34770 2118 80076 86916 41807
753 175
13298 487 35876 32368 93043 491 4142 63925 76037 60795 9016 8308 72740 48561 3085 86070 40063 69371 82810 62296 63539 87670 73409 75075 34791 75921 45241 94932 30143 99118 32233 41622 73567 4615 25792 1166 40651 76926 9850 94531 66113 59486 26937 43500 95186 2027 64848 41705 71546 30036 5688 74116 48713 34931 46343 55158 61022 59009 50151 27475 12207 76161 82234 83291 18667 1680 75891 32802 78011 47576 92968 68974 79587 82055 81534 34318 7631 21926 94253 72556 89860 39893 40100 81952 53923 52392 72864 11193 22609 88225 8933 21782 51791 61286 29414 18903 5153 20137 843 16466 62809 445 47961 65029 68961 42111 72049 86319 20198 45754 70922 98454 80961 31786 95405 67000 50043 5221 37943 20339 86654 77485 95292 71709 45638 97396 41598 83060 49290 78967 73034 32365 14958 57374 58989 1658 86359 71761 44661 87323 80219 78579 23045 69664 69968 96691 95082 27979 37806 30251 21967 12044 37288 75951 90174 11430 84636 12602 77959 71738 14758 77831 13160 42283 85916 60095 87437 22719 86858 65240 68466 1289 42195 71128 91357
401 167
83438 47201 28025 68705 35409 85113 13080 4947 99417 68750 12099 30714 6510 6302 48143 71920 1023 63897 65917 82273 37924 15599 95436 86721 95381 79330 45116 88862 81594 35610 83346 21518 82900 3246 55766 34887 33873 62499 61508 19656 8254 54766 84010 3484 37645 62557 52801 1512 18401 52402 82896 75419 9613 10855 96413 50612 48155 90969 70824 57423 27073 92581 43543 17841 32226 87483 51324 34070 77369 2681 95601 99307 89058 60886 32846 7676 5859 45183 91590 78836 2649 79742 79280 97516 97419 38945 33082 88039 30720 56467 12119 42987 94742 79924 48862 21650 31879 47401 49834 1982 6876 17148 35109 34715 91760 40949 47119 71009 89563 99706 12757 27913 17303 17805 17424 43542 14109 20492 72405 5184 94936 34763 34004 73667 33361 41670 38516 49191 25611 97611 46163 64730 80094 92443 72274 97675 78869 76743 74284 1596 36062 55378 98333 59508 3221 90601 16205 84163 3723 94619 34833 74932 74940 22636 72030 99125 23194 48442 68789 94976 37300 85107 71154 621 43959 2815 17154
383 328
36420 38823 7188 45957 33552 42223 97203 99905 9091 25945 19094 78988 56091 74090 89151 77598 95024 18939 64007 70736 20000 60273 51627 22911 92566 54220 96439 37257 41794 53644 14579 3945 84059 80930 13338 99070 43111 63579 41403 17104 20895 47952 7995 41244 55819 56866 67170 58396 69245 68267 37894 55255 64630 19014 49396 67620 45259 98341 75931 86878 14894 95379 47716 34734 21086 92882 39126 47197 71906 19720 46482 7163 68344 83351 46388 19150 21129 44276 41660 39698 80370 1281 76306 29785 6398 86064 26119 43974 83318 84319 57781 91624 8408 98284 20291 4765 8014 81347 33170 12606 26717 25008 9864 28388 131 78093 914 39990 18160 13036 30797 42457 44281 60852 45650 38218 30065 58079 13496 4563 24352 47447 26215 48071 62913 57878 44326 18814 56340 36889 82603 542 32694 87691 16638 64207 50283 48299 32972 29433 63509 10405 3103 12094 37807 8752 44325 92608 73963 68963 48744 29067 40263 81408 85721 99106 12307 28556 90810 52505 67637 708 58693 78687 36999 34709 17245 17897 8592 34019 85272 28054 36156 83093 45311 92654 77382 46066 57204 6883 42276 88801 35358 46044 51907 59227 66410 51938 95690 20046 79109 53316 61656 75094 33380 68202 22939 93047 65667 68545 96391 17892 86785 18247 3471 30124 1755 28780 22854 93541 19249 42107 10416 64497 96429 98679 30324 51128 60332 50961 49620 43194 94342 4385 32556 77759 84813 60251 62780 34707 95402 5373 43172 41743 85492 22063 14227 47643 61422 92416 16963 14607 14539 49622 22448 674 61761 27324 38663 65970 27646 1606 33473 83176 52216 3173 50775 79753 96618 26730 97588 43442 8405 57499 77042 64565 3658 14793 39651 13571 43141 98280 42469 77704 951 596 81055 40095 52075 36343 89715 43415 15769 78156 31811 8801 92408 69207 34646 99019 87358 77797 32632 99737 1057 24838 80791 98914 90030 80742 91502 8684 14837 48639 3528 33687 14374 25010 39948 30455 51454 88375 99956 43342 52336 8018 50670 20649 1602 49294 57783 13514 64602 14857 59405 10742 96150 19123
236 158
68269 55485 44153 66704 51172 65971 70001 45058 31862 56789 75006 48895 65090 11791 70425 13028 60942 16326 58945 25299 72381 15798 48842 51916 33158 28490 98474 17361 81931 41639 46801 14401 11854 20524 26708 8702 13629 56112 15352 36370 28399 17392 17983 2045 89185 22601 81015 99460 64138 48469 59543 78645 28887 85731 31088 71595 59532 94007 84835 93484 29052 68106 45945 74460 27845 99215 99251 58834 80914 19895 50611 46269 32988 39323 63156 56434 83567 41696 56003 25006 78256 56203 34984 3759 74465 45254 97261 9592 26321 47137 20715 90410 28646 83791 72513 99024 98628 48736 37056 84690 5080 42992 19556 36814 31211 45458 15372 32766 89584 67301 67538 7908 38562 34545 76504 50378 47775 77578 4583 23727 38252 49213 49581 17714 44996 56377 43372 32396 71020 32788 56507 36406 20571 1383 60045 82771 30172 63782 78238 45499 80723 37861 13605 57273 55559 25964 10013 7343 1431 5712 22015 28088 17111 7890 6636 59249 91706 23772
993 156
19867 51995 64194 52781 33501 78655 91992 33656 16460 533 1670 88218 31127 97592 66034 17574 58874 20915 58059 45491 45298 6205 67713 60305 87590 9486 28498 37101 73508 2847 41509 93137 85807 62157 507 58891 4094 18259 71977 38893 69582 79483 41873 21386 36074 81302 9087 43637 27341 29705 40888 42467 57100 67656 89080 13634 36853 79343 92902 15691 16535 23574 2388 54480 75116 72375 87673 18329 51005 23884 53213 28452 85260 82445 31703 15759 80329 64710 99692 67342 83179 91649 84534 53194 76977 44517 678 49669 43370 18007 18310 69837 68163 52636 90853 91776 64925 6210 67882 92020 73362 15100 85211 45329 95195 85196 28265 5570 97989 92448 43991 88894 23520 99178 987 73924 64135 16087 7581 44180 20998 76390 85235 72914 83962 76394 83282 74896 56046 70347 98507 711 76268 14012 3023 53443 23275 79922 71385 87349 54547 67884 37009 74763 83546 87259 40225 52692 78446 66613 16752 30135 59445 84820 20696 60210
150 154
36601 38151 85724 51387 31235 74624 43085 23163 83462 76755 63336 57593 92752 3914 32647 52217 19933 56972 8390 13690 99410 58417 67818 27753 71528 29352 79687 19937 21844 39952 6064 42838 25835 96142 26290 42468 69656 392 89663 71525 59996 25897 38352 25845 87529 2915 87807 92137 71944 61376 51698 60088 6685 91064 54429 85775 65580 88666 71995 12844 16136 87664 18023 53748 41733 96061 76400 68535 66235 67047 29016 27840 55521 99087 23526 7554 46788 52764 17908 52151 81803 75108 11320 94172 74469 64545 9636 83096 28846 78271 42419 27413 48658 66240 96721 81714 90774 28818 61069 70016 54292 4629 90764 92192 1591 30305 77790 76000 78818 79609 63198 86727 85662 79585 81209 61513 89303 42472 30552 43336 95181 71741 75575 59432 3525 99524 82010 21286 58695 38429 67149 40158 36553 25309 69398 54393 13667 25338 81102 57507 57528 38681 62109 45243 2291 23627 93518 72810 5787 56570 93305 50311 5695 21018
858 148
13848 62549 60758 70289 85706 39263 30204 84755 12840 77145 51788 47095 42844 64857 38557 35231 79032 31085 12555 15618 18528 59567 47991 10421 73756 4052 47216 20463 94835 13134 84169 49579 46511 71123 70157 8343 51444 91467 8437 81728 42929 67607 95370 1741 92074 35965 99575 47373 19043 21910 4757 33970 69088 50591 83340 2931 11371 67827 17256 75997 38975 98805 91848 85327 85433 24047 88461 4557 49472 97756 25779 82106 39452 82705 78182 24376 99541 89017 57208 54891 32737 4310 10260 23031 75318 59043 62519 42338 96324 22409 18169 93426 76960 36694 78347 99596 48488 4731 56764 41895 57096 68461 33069 41111 63573 25483 3778 81603 30438 72650 71509 30679 46894 57228 34102 88670 50524 83815 10809 5050 60974 60730 78742 32896 87867 68642 55710 66995 96136 77365 48036 33536 81869 72215 66118 57477 19163 45839 19269 60430 62656 74305 46779 23879 81933 33709 87852 66247
268 146
45117 41202 27456 96072 4048 83186 93868 12779 631 98800 77532 7191 75692 24987 55636 14271 49206 64364 31980 80146 68300 93482 48810 86407 19538 61530 44044 60959 11568 164 57443 99534 68421 15712 37188 75887 28800 29975 82750 91980 82880 81589 97793 38613 45792 53269 53043 50003 83472 62824 16406 27537 38841 58689 77287 58068 77119 51955 37305 66154 5883 13032 18616 63057 85875 97733 93131 75874 92742 76677 70746 97047 41471 24537 70101 78378 79974 42978 10834 27270 18730 99286 27361 1063 49761 22030 17087 55456 28606 53804 90974 45953 98246 48254 42367 23442 3162 24068 44279 69990 12292 35290 83502 16631 15045 13208 36515 56057 91991 24117 49380 96966 34605 92022 13901 30575 52338 63215 97134 42229 61418 15005 66102 32246 73267 76254 86267 90311 89976 47291 36743 87327 53688 35390 20960 51001 40406 14781 78140 33936 22219 41475 49601 77148 38679 18369
678 288
63183 21916 22771 70211 87823 17126 64188 93171 51765 74908 85460 82392 64714 92433 89119 70860 47984 94859 24588 92892 58349 21519 9361 7491 29361 35794 73864 89764 72158 20525 88963 3205 96140 57611 44237 99875 73521 714 39559 11165 59715 48225 54927 89918 65549 56711 49954 17407 52673 82500 75563 97108 62710 81010 51637 44651 73780 93094 72443 97713 88523 50940 89887 68653 23934 73340 40746 7869 61995 13492 9338 10167 3892 11457 55336 16591 35753 683 65292 11379 27523 1782 68611 29406 27376 36974 94709 25494 480 19664 47351 11388 89171 82301 43467 40026 80571 5223 4330 13329 21810 54545 95552 24346 51699 99698 16822 7337 96558 34010 39042 27529 94792 16924 20092 43607 43219 76993 64802 19417 87626 95134 43365 3941 74903 27332 59726 18207 70769 877 26 65505 84462 77125 7673 36873 39495 84098 57773 14888 74367 99330 55057 92003 32702 85455 26483 73571 83114 90422 82789 68951 56966 78682 45544 9997 70063 20554 64429 42185 26757 96503 24223 67577 1031 39299 58241 36263 81651 80396 19098 34306 40604 31953 85422 29596 70877 60491 84937 12149 57758 55417 63353 43934 62214 18435 93535 55770 99015 48634 65886 86401 28198 5148 75160 64296 39578 44756 68359 15085 71308 45422 31852 32916 39259 82920 90235 68142 70369 40283 17550 46672 46755 4928 49759 99908 1964 97574 94756 35781 10843 15922 14219 61645 91303 40905 93214 2069 71048 83666 42004 96874 83976 2023 57256 87946 41307 27035 29525 89325 57616 28162 45866 54015 74486 57371 2898 82100 59027 27283 69590 43461 91224 93052 45370 87835 55451 79866 69576 30051 50861 3633 31033 31278 55043 13477 66477 52083 84484 40525 61189 92979 39441 69824 83608 27637 26972 83251 71137 97162 67598 68049 85468 72167 62630 59266 72111 73239
437 282
15901 16699 71874 28368 94458 47585 73981 12435 53406 15952 46045 87425 40105 84566 61466 4461 27204 337 42423 61327 1734 78846 18352 43597 1233 2527 77792 26214 78060 2738 59548 78752 71168 11848 89355 81678 18053 83301 42961 67267 89186 7883 19009 24098 444 59945 46025 9129 59145 3373 95113 79230 4768 97572 60771 13530 23356 75097 42373 69188 33926 87458 85951 99431 76318 52514 12198 15174 71501 74890 8159 60101 67861 50938 8691 61167 38345 69621 5219 74772 28702 51731 47968 13697 95915 63191 61847 56029 39367 35734 94948 33530 76785 60828 52410 40190 60628 11462 44211 44641 24361 84799 13266 90344 41161 92056 50027 35756 58123 86780 27661 94880 76773 42259 92945 21127 34566 93911 30176 11782 59599 97001 71411 96947 19317 51224 22863 25802 50579 91260 82509 31395 34694 15160 71052 40657 83488 52026 87548 66996 52941 75658 8749 92843 74530 22756 87531 94754 16244 87465 93886 2672 54125 267 92991 58533 95692 92216 52079 94132 6141 31184 52130 93732 49565 86635 82845 85649 93575 32464 57483 71030 47366 81162 96741 68205 19570 24894 65924 81921 74973 90712 13656 89799 79283 19687 92728 78475 58886 36831 4509 51414 34743 81598 65782 73812 30741 90102 26403 43080 97137 33258 72727 67200 92913 77301 36747 22222 52398 27343 26643 91336 43069 27433 13939 27149 26921 32703 2961 56088 35942 76275 86209 30356 12206 83648 5851 30243 99769 82637 42411 33720 62802 73922 63532 31505 48525 48099 44997 69116 79135 95706 35915 92162 80281 42758 94536 91005 79411 60344 90941 82294 19639 61333 57485 13232 41877 95921 24947 97900 10205 57362 87094 19402 45188 93649 51947 89360 71247 21414 36994 55002 4247 53459 31306 10180 16625 80482 3098 73982 43939 52549
379 268
4916 42760 56346 16408 42270 37525 38649 58928 62090 52223 75061 49225 37368 37843 20454 83547 61746 42747 70481 69325 6613 66978 50562 90133 64592 20585 26859 77719 35702 39680 46002 45382 10765 71296 62587 76229 63147 81355 554 22381 2073 14608 63675 89713 13578 34174 97524 40641 54751 30130 9054 32164 7476 54211 85858 92427 64895 5879 64542 95198 89653 2288 72311 83202 69808 11840 38006 42629 53391 66861 17068 38611 33979 16389 26386 39846 8033 69333 58597 68443 83461 36093 52055 66984 30 43613 14670 36338 27841 7503 77520 83700 19425 14748 44612 13118 3918 60280 90173 96581 35916 75584 73765 74451 50828 57272 54533 72224 22715 8497 56036 76921 96428 80815 56226 32595 89903 65372 59720 78162 29548 65908 40518 62361 99279 34506 32773 36020 28401 35541 93356 40466 52728 16544 1169 8531 8622 15563 69869 40501 88786 4092 87812 79360 71988 3933 59048 99591 69667 17554 91284 51258 23027 28773 25707 47976 46772 64415 61146 44419 4083 3489 98962 9408 23435 50099 14643 25103 69895 72079 53895 13795 95061 60550 51980 18519 75248 39762 90925 30744 76614 34970 10301 83102 92627 8808 32022 55547 71983 78849 33781 29283 75081 38930 13154 90061 12171 11845 38887 95718 65829 43200 31766 48061 25471 23513 66012 92173 18841 19735 68043 82090 7754 26663 26393 57831 1843 24045 54186 804 6131 97344 2545 85359 61879 67315 42825 17557 23305 13227 53754 12354 21445 74417 45830 64564 46791 35230 90366 79620 46098 62494 41117 79101 31477 83015 49141 78667 86927 23131 75283 61532 4610 21692 42257 87105 74964 41274 26021 46099 80598 96778 39686 59707 59477 37614 98363 37919
782 260
95560 19203 4376 16187 59645 93996 13500 63391 51435 46942 36506 6700 27736 89252 65267 82611 52149 54036 45603 34375 66334 66825 10767 55028 13515 75765 67965 63916 55569 38075 7536 12648 63318 76376 8907 53702 60327 21181 50179 25949 33690 70724 54032 30425 63033 81512 33360 39314 64433 7882 5915 79756 36253 58229 59433 70580 56952 59377 56806 57024 77107 4363 92099 56853 43004 58897 17850 77561 9723 59520 26069 45498 377 11617 72480 84095 14485 94395 35727 18965 78068 66062 58648 44944 8967 35192 35590 84370 97234 88567 39707 1824 13840 20876 51723 22884 48140 65226 99669 55357 8822 75506 83188 30835 17711 83688 16582 58376 798 37103 83252 86697 78154 7281 95847 84997 94732 9017 11444 53921 58418 27287 26871 60506 29799 19646 94221 89973 63865 62559 92474 62788 63018 32779 13502 30310 63942 40403 78908 34323 29182 35275 98049 57203 73413 17083 67896 13882 17592 9764 96244 19477 72096 77639 59140 57737 31628 14026 21447 32470 69870 23457 52082 6341 2487 88280 26553 41000 50692 30983 76646 58959 92081 25638 9421 23139 49453 46383 13780 12992 90395 86616 623 92874 860 99589 60487 51380 56079 4436 77451 91751 72837 85523 17836 61912 46139 23214 23114 31144 75749 57907 66915 70448 93993 29514 52942 51590 5758 23338 76121 63989 10241 6181 93488 17252 68001 93429 3182 15881 10592 46452 22215 62417 25844 88650 36132 81943 34820 417 28554 9135 21712 84435 73672 15065 74322 23079 35128 30502 74880 3451 19308 12531 49576 6489 73549 16480 96171 85287 48968 89865 87443 85421 77979 7347 82249 83831 77802 82779
130 121
19164 23731 21476 33207 83166 83858 32307 91670 4416 43218 77270 77615 42246 72232 18504 16872 16422 73145 29213 68710 52323 53691 9525 75515 56465 85318 8 82581 62101 61871 64674 10828 69756 3109 25186 61557 5853 30517 80789 67859 55130 54895 43696 4940 34835 68896 96955 86995 24262 23836 60884 31424 80291 73558 58207 36169 79061 17269 80939 30887 74054 46157 13307 42580 67243 31130 47554 31399 69242 37464 27748 21444 79357 1969 64790 90912 44681 96148 72849 31768 66142 73458 95792 38074 29636 56110 25973 85943 22267 60661 55982 2334 22254 91128 58610 50221 92782 98283 93991 87719 25886 93083 57718 76175 22172 61470 71187 53298 63274 86367 98545 89037 39084 2670 64942 36667 76871 67518 62415 77251 99120
607 240
83676 31266 98310 96097 82817 18414 71654 24219 70076 82371 34913 89888 60960 13925 32635 87544 55016 45118 92195 46263 29804 51975 92602 93159 57817 40920 20243 82324 5175 69196 7222 2551 79034 91356 84775 30260 35429 53332 86520 90903 12956 34997 96488 91732 82114 94000 57776 91332 96264 27936 52994 27613 98950 38786 15815 88953 32530 83430 40097 4638 62233 94495 22179 72981 69896 17462 4810 99284 54153 85301 60571 68258 40490 90238 77646 34334 62705 94135 47661 64913 93401 87726 7370 66484 95038 11205 93751 28418 64591 17098 99554 8146 15265 39783 86085 71031 30766 11847 61771 15420 58442 99031 58473 86286 2572 23310 30322 35880 61511 79474 93235 5464 50717 6307 49060 18612 53543 63662 95841 86712 2060 46230 9480 33404 12847 53158 74342 9024 92457 81802 93920 83235 80831 63906 29057 93955 94814 12543 40930 98512 11569 22414 3295 70073 37371 73226 66322 67092 26991 96946 23777 31981 53253 11313 764 36182 37512 42884 17022 21461 13421 17412 37956 70987 19821 36471 88021 30837 76732 70589 40833 64547 76933 1219 18338 54102 90691 27604 28629 81158 87695 67780 42707 24768 89108 37726 31290 64798 71596 20354 78384 25878 27587 10177 31809 5516 60901 27210 69222 83279 90696 1848 16248 2369 95961 95105 52613 72354 40485 51390 54711 36617 35673 17664 90723 29806 12339 56701 83036 81837 29508 39574 14311 17556 67897 77667 35613 78692 53079 57564 53155 24171 6320 6583 93693 61648 16524 19459 6081 32608
549 220
35481 47797 56752 87213 91796 67766 48640 19758 26028 76468 65368 89708 88394 33960 41346 78188 23309 74391 2937 48789 30629 51614 1112 7421 67773 59333 24528 88668 52612 10973 55733 4070 66886 14329 66179 93657 49143 39030 65152 68560 71819 56751 72465 48984 5812 45125 88508 33508 9966 72162 66874 39390 80773 67647 93555 69785 37513 32405 1387 99878 94631 56100 69054 48510 63558 82341 48912 78580 9161 97461 8599 17079 7509 21489 2236 30155 76380 31185 52642 24266 63769 27743 92107 81185 51325 86192 55121 92218 31479 62550 35364 31047 67224 98734 49394 80925 1590 75007 44155 90097 3223 90993 12507 90556 20776 16088 89371 3222 97812 42969 12709 15711 33892 66655 65460 76790 32394 79362 30103 31233 810 94268 60098 4278 17795 67097 83184 48820 13306 71762 44136 31595 28384 10648 24481 93126 65031 30673 91451 82449 80595 37195 24126 67397 80877 22672 436 26491 80315 20362 73289 50484 37035 10729 86692 3425 68665 94740 69517 62607 22240 559 63283 68645 74215 1770 60737 44739 91896 62762 13493 37398 36741 93468 75795 4529 77163 47998 97984 88576 60650 15389 45756 72290 28220 13275 14995 51780 40285 11034 79761 33121 57164 72227 63918 39773 97608 89627 15411 56406 46917 1808 8937 70244 53594 52733 43466 47647 33365 3629 24413 6749 58829 29567 3601 60193 15046 48031 82809 79361
285 106
12242 25313 83401 55020 79557 38648 48564 39231 47516 47830 37320 352 13247 88290 3883 80905 75725 45778 5463 74106 869 96272 85093 88313 96646 76383 27518 44622 66147 26943 3309 59641 70837 14558 93362 55799 60024 82871 64346 13632 2189 68297 94388 30263 38457 78932 77502 68736 39571 86576 63924 25565 23157 74214 59032 68694 32574 32844 97545 77721 871 32459 51473 53177 69049 94983 14245 57406 96132 72006 10905 51720 37563 94078 74403 19918 71900 92925 69787 77674 64350 7450 16434 56415 39929 76061 95132 53793 56788 20466 8418 72244 37874 79423 90966 34410 1002 94150 74206 93743 78443 93099 71522 43624 98816 44003
19 99
14032 98338 51023 87000 49777 9889 83446 67087 44088 16584 90738 58792 43439 33849 14861 61567 17037 87898 55726 74670 12750 24792 67725 63804 82501 53840 85909 67810 93812 87804 13844 66087 83082 10914 27713 99751 72748 20680 23252 60037 36836 9514 88420 95273 55807 54030 6229 76593 50464 15675 77568 76393 48869 68672 48476 97325 54371 41495 3288 67206 32674 18631 67353 99663 1282 60482 50583 34537 76802 77602 33965 96566 27547 54730 65079 97849 907 25256 48212 22374 66779 97541 9447 48396 64381 47286 95440 17045 46611 86149 13489 31553 78143 72106 71473 25752 52677 53001 63981
455 98
35320 71132 8840 64996 55320 14563 28962 63437 69908 53516 70378 23238 76068 97758 6829 35336 63230 90672 70317 49951 98901 23165 91227 21024 41225 41394 68673 54129 47326 54444 73358 72776 11039 71317 79173 52395 97132 36006 91295 95470 54332 52426 92961 98786 87818 90428 55386 27999 92278 80827 25017 9626 70558 74675 69026 23923 39328 41837 53790 33350 72714 7875 7339 75133 9735 74075 44711 32389 4842 49792 26087 73605 91733 97974 94161 55314 55244 50987 18818 56784 81187 93116 35518 42293 99858 4492 84421 93930 22791 44156 63044 76494 59214 14830 76663 82478 10844 18010
839 92
57071 59952 47690 70459 73579 38181 34850 91366 78983 13649 42864 22383 73531 6549 97568 74729 59713 86351 81293 79111 43557 98867 64239 8827 53114 37727 39366 86107 17782 79564 87722 15517 1767 61810 62585 94236 70141 65817 85050 52143 13977 67183 5746 27815 54281 70716 64677 8744 95672 16798 1511 81904 56593 35307 8766 73971 82521 14459 19628 85871 40416 70524 54010 32833 31349 61522 7744 22188 42459 2586 78985 44000 25270 27077 76264 57674 90545 96862 16823 48221 25391 71872 35708 80803 58087 88777 66966 28950 9262 38687 33614 53243
67 164
89912 89308 691 22995 11939 44679 89981 7024 39396 10619 77973 55212 9321 70976 95673 4141 54474 27918 98194 79747 97477 65760 77662 84367 1988 37474 98022 75453 28867 45722 46291 53236 19491 72615 96639 14179 3991 72670 3010 76626 57714 74294 82385 86358 84366 24013 17583 67950 26624 75392 93580 64023 54120 6967 48609 34957 15431 67839 80830 60860 49467 11935 82260 45975 58447 58271 1305 72928 41635 48251 79917 55676 33763 81067 61119 75450 1541 83697 83819 76482 64732 95840 2720 35988 60940 64448 72897 88836 76342 69916 6529 10962 67111 47396 25581 96620 1098 92422 37884 4158 18611 22284 1220 56459 646 84724 91873 15839 63588 9022 21628 51713 71284 2471 52186 33743 41478 8694 22783 76854 24681 63985 87149 74063 95383 12173 88691 1255 46974 88416 86583 40050 3084 53945 97583 83980 6253 64411 50338 46305 7018 78100 21856 74044 60762 62453 68132 37897 79127 5137 3617 41350 44006 31583 65306 59703 23660 4016 67486 27525 53154 34238 80355 82653
585 78
93825 60867 10851 68984 95367 9606 30529 3231 24907 97319 55538 88843 82796 36393 82095 80605 3535 12308 39292 26143 47748 85861 32978 23590 31716 32602 51610 371 95505 20800 4480 18513 48718 44914 46347 2616 74482 17786 81208 96757 52507 16358 61451 12440 26657 72022 36162 76824 56477 56947 59801 32513 58189 62556 4023 85198 92118 70335 78886 85663 54053 31683 84199 36104 84489 39473 34027 14299 74426 11075 75194 60464 64265 9388 91321 63463 26224 67493
296 142
53278 11273 20383 17871 72044 93707 55492 27490 31870 95217 51565 49022 88401 63788 71242 63279 58661 39607 78423 12073 67378 24597 24905 13148 13416 23849 26630 14043 22818 48194 11097 36425 62792 39839 5335 58666 68376 2188 34944 15868 64928 17385 12319 55678 59033 2026 68586 81441 67203 9009 40650 67781 95432 35439 81778 28423 37451 61405 18039 14304 98511 6273 2441 81668 46571 11687 78052 22867 5304 72851 38607 62057 91106 60213 85761 35999 338 76496 72695 64325 95636 47431 25312 22058 7074 29059 6941 37647 47612 16596 62142 76735 469 63771 78678 72256 99112 88421 98849 70189 51668 58142 35721 49397 3133 65515 3804 35090 73582 6540 71345 60576 31632 3406 99820 58828 5996 43331 61874 7057 71769 94677 53548 58108 44817 45965 62362 36807 95517 68172 86354 23678 12865 70123 16290 20799 35662 19951 23826 55748 94009 14242
101 132
69142 73311 98156 24863 16569 93485 96914 99385 32732 31688 96816 63815 50997 79531 28373 51709 7700 77094 8099 20396 17739 75936 1424 40057 564 43548 4849 35967 47083 18956 93318 30902 10082 75026 64684 54522 11831 1477 73490 28235 46100 89247 73993 41874 84570 71147 42163 62262 75919 59042 22440 20889 26312 42605 48942 9192 62373 58894 70659 60333 92819 12571 12436 28296 12276 80668 85953 52704 7843 69920 45229 41783 21589 75728 83568 7685 18050 65122 48168 28101 68542 51159 76965 67001 8483 69158 87643 98353 8084 9513 96379 14212 74408 34761 55606 73877 63995 15358 14711 77748 8594 54484 77412 33603 8988 305 98777 67242 98212 11018 86010 24812 20555 79300 39321 93360 11271 25734 22997 42981 54998 14595 71817 83966 88130 25423 71706 58135 40754 38725 55216 91417
935 118
27976 38262 91229 24694 68855 35482 9045 58712 58547 89940 93101 2124 33086 61010 78396 2363 31845 37215 51878 94542 35711 43525 96237 55551 31751 76484 31353 74606 30637 10891 44243 40585 73054 59617 48908 29395 51013 24715 95837 45980 87236 59737 70381 66597 21205 51572 69584 2980 66782 347 10787 10612 82180 10785 51348 3140 62826 81748 7568 37927 88788 10722 4854 72225 12217 61152 72608 82070 72235 72134 93147 16538 84275 2417 92935 98173 16421 6969 65887 94540 65396 45757 32914 94021 87298 98519 32826 65888 10404 40735 11491 6365 37679 92667 30056 82624 65101 25347 88748 3671 34811 7571 90036 33167 4660 45251 36391 70160 4586 13983 88493 73545 77706 58501 4776 83564 30996 24380
862 54
86592 83934 73758 9048 58254 63192 86294 41043 8456 67008 17388 96576 40005 22307 43538 27023 60175 57697 43277 6674 97509 23028 48697 21022 29325 74237 48292 11628 32298 16473 29447 74639 22817 86083 71700 54045 547 63252 89356 89200 89581 88914 21938 50882 57644 19910 90287 24853 74854 47506 91767 70109 69678 60284
42 45
6902 22993 84146 35432 72794 84778 10885 17757 24690 3283 15812 46922 11912 67314 6951 77138 53608 11164 99216 38174 61345 95418 91707 16080 86206 90059 57937 29987 88969 94812 40332 89312 99187 89540 23038 88735 46006 74080 17526 32170 4874 95465 89559 58743 3524
75 72
10378 837 35216 48386 76860 62991 40207 63550 45506 52870 25797 66376 96945 60432 60361 46085 59829 33363 26931 6069 25525 95536 41583 38361 78965 49873 47415 23387 91890 23261 98856 58934 26238 29536 45440 23174 86104 40000 96246 69942 13066 85305 76850 58318 43465 98085 34951 76530 54106 94042 13178 92244 37011 90374 66678 94674 17965 77393 91675 58487 72012 63420 60565 27043 39332 71465 59785 42939 43545 9684 86921 84154
61 70
25622 689 95736 78728 47616 41653 37330 55072 99258 41180 84783 70631 33554 97311 35398 26317 55497 44808 56642 70655 89144 50273 98533 72097 27235 24031 10887 77811 46959 39157 95311 22310 46413 69677 20716 92223 50676 59299 28809 7041 2177 7009 59431 87878 56342 44957 57355 15493 69107 72762 76904 70812 44839 26736 41607 75368 59252 9348 32628 79777 78721 70190 16930 73075 45942 95790 35036 22849 37384 58298
436 54
72398 67711 62384 32129 33188 56178 92468 48688 84205 79615 63448 5844 49398 40134 77720 53221 29901 36312 91704 14805 58851 13168 1490 92543 8244 89278 7475 40083 19700 36811 38576 14718 74395 9196 53727 68236 35026 30094 49228 64392 20711 98243 56977 64667 81023 43755 62833 40975 91762 62468 22316 18798 88708 62367
615 40
53137 73120 42792 48703 54253 7495 96165 98077 898 64092 2492 64635 59161 53960 55246 70708 18683 76095 73405 15006 80654 85931 42703 65627 91950 74501 77047 31637 15038 36241 15766 90525 11111 72857 52810 9434 29235 77705 77309 82336
548 22
56574 18377 35664 69491 36075 53489 17642 45339 81068 74317 63011 88887 51308 11893 24274 77903 5280 94974 42979 89612 17594 33033
790 12
3081 85656 75833 52140 22102 25559 87233 4967 29601 49586 86360 77560
